1 2207978.1699169884 -1518471.657342908 13386.00000000001
2 2207940.504934755 -1518486.6047592964 13387.666666666675
3 2207939.9559159363 -1518530.820589264 13396.333333333341
4 2207939.637629155 -1518639.8113287003 13422.00000000001
5 1955064.0834336665 -1699801.38578026 16425.333333333376
6 1955064.091341793 -1699797.38578026 16423.000000000044
7 1955063.5043013815 -1699871.8379769698 16443.333333333376
8 1955063.6665058448 -1699842.348851677 16439.333333333376
9 1955063.7370431195 -1699826.348851677 16430.000000000044
10 1955063.822588163 -1699762.847237534 16417.666666666708
11 1955064.321561465 -1699737.8841661168 16413.000000000044
12 1955063.5530835553 -1699851.426458966 16439.333333333376
13 4821738.047632405 -1035219.11762938 8428.499999999995
14 4821738.047632405 -1035219.11762938 8428.499999999995
15 4821738.047632405 -1035219.11762938 8428.499999999995
16 4821738.047632405 -1035219.11762938 8428.499999999995
17 4821738.047632405 -1035219.11762938 8428.499999999995
18 4821738.047632405 -1035219.11762938 8428.499999999995
