Reinforcementv2
9.54
21.93
23.68
24.85
22.2
23.93
24.79
24.72
25.15
24.48
24.83
24.29
22.45
26.02
23.95
24.86
23.41
25.07
24.41
24.27
23.3
24.4
23.25
24.44
24.36
24.88
24.5
24.12
24.3
23.76
24.32
24.4
23.7
24.65
24.76
24.7
21.63
23.86
24.15
23.9
25.92
25.15
23.95
23.41
24.95
24.7
24.09
24.01
23.52
23.49
23.9
23.11
25.15
25.4
25.0
25.41
24.67
24.47
25.77
24.66
24.95
23.76
26.47
24.27
23.22
23.98
24.95
22.83
24.68
25.47
23.54
24.76
24.21
24.26
25.07
24.83
24.64
22.83
25.91
24.13
24.08
24.24
25.55
22.74
23.73
24.48
24.69
24.22
24.64
25.22
22.67
24.62
24.17
24.54
24.37
23.45
24.58
24.37
23.53
23.81
