Reinforcementv1
1.74
11.91
19.12
22.18
20.68
19.43
20.52
20.24
19.97
19.71
21.01
20.63
18.86
20.42
21.09
20.64
20.24
20.02
21.27
21.53
21.03
20.67
20.92
21.89
20.87
21.14
20.34
21.64
19.82
19.93
20.42
20.15
22.69
20.98
20.79
21.36
21.48
18.71
20.57
20.17
20.74
22.04
21.79
20.35
20.19
22.5
20.47
19.92
19.64
20.59
20.11
20.43
21.7
18.6
20.35
18.63
20.77
20.57
22.65
20.62
19.19
20.82
18.45
21.26
20.95
19.65
20.62
21.28
21.12
21.23
22.05
19.3
19.28
19.98
19.94
19.67
20.07
20.71
20.29
20.52
20.02
19.91
20.51
20.54
22.61
21.21
20.18
19.92
19.59
20.27
20.64
21.72
21.73
19.67
21.89
20.88
20.04
20.6
20.86
20.06
