Supervised
-78.9
-28.91
-25.23
-45.26
-16.99
-14.59
-4.86
3.54
6.41
7.62
-0.2
3.13
4.28
3.94
3.41
17.91
14.41
8.79
10.24
6.28
8.0
5.32
5.68
20.91
21.04
20.56
19.84
18.96
17.33
22.75
19.21
20.38
19.1
20.1
21.29
20.97
19.45
20.14
19.48
21.6
19.68
18.97
21.0
18.58
19.71
19.35
19.52
20.62
20.21
19.41
19.99
20.1
19.86
19.99
20.27
20.62
21.5
20.97
20.32
20.29
20.26
20.79
20.46
21.32
20.02
21.7
21.56
20.42
18.08
20.53
19.5
21.16
19.47
21.53
21.05
21.66
20.23
19.78
18.81
20.83
20.21
19.47
19.84
20.88
21.44
21.16
17.87
20.05
18.56
19.84
21.41
20.48
19.89
19.93
19.82
20.01
22.36
18.98
20.17
20.95
